[169.19684892  28.51595774 182.06081096]
[99.61940796 63.6538732  85.67892074]
[105.93126317 143.64468313 202.19447923]
[217.14580098 114.09874122  51.86935208]
[166.36014426  55.6327616  183.06885477]
[171.6289204  215.15403842  20.61134856]
[ 88.37499806 146.07958647  58.03264362]
[175.16671324 205.19571783   8.73291968]
[ 62.07414068  22.155678   215.60695583]
[149.73620145  99.70454142  70.38742475]
[231.46997009   5.36966452  72.38470668]
[ 25.3395249  184.23918328 208.00369711]
[ 71.56731979  91.43197766 142.17052395]
[65.03407577 36.30979026  3.04536996]
[156.88492299 207.22436451  83.80852836]
[ 97.17565949 233.30766888 185.40161967]
[91.54278186 73.63068463  3.65249271]
[ 50.72443188 197.20281216 120.02413262]
[222.51586504  52.01171268 194.59778113]
[228.1786867   84.57665111 173.12620416]
[242.18430099  74.00055574  44.97220777]
[103.34553431  73.64600052 123.65967213]
[ 46.93606417 229.32266851 171.63720524]
[201.10384232 153.68782197 170.91413644]
[233.80166623 210.45998962 154.52329214]
[216.35937702 253.10392247 252.74148187]
[ 84.53213963  76.79331077 231.02773078]
[199.0875837  113.43549652 120.69741467]
[ 66.63896938 251.4832159  173.18531275]
[56.11108818 57.66903701 91.67397803]
[205.73334757 232.08795098  87.54686385]
[ 33.86389349 170.43843231  29.9718383 ]
[18.18367903 78.72868139 15.16796123]
[140.80026848 243.72117788 149.96137857]
[144.59083833   9.09269193  81.53583355]
[222.47256241 181.03578475  34.95883754]
[ 63.24854217 130.53350211 112.74231078]
[208.63620141 234.04348432  51.5551335 ]
[247.22632897 128.45565495 169.17160346]
[231.64855727  56.37257027   9.12439353]
[ 31.44722469 154.0599457  208.47060232]
[140.57881985  49.29974328  43.78823002]
[254.10248156  79.09199395 109.10099688]
[ 23.49127214   4.52725625 214.96680739]
[127.96704756 170.80698514 216.19299825]
[ 48.64437166 222.08485244  83.91711824]
[ 56.97496165 236.72641974 153.40856732]
[209.77898393 230.63070169 167.12428749]
[ 31.81732371   9.21896735 205.96842992]
[ 60.52630266  68.84407346 246.93018217]
[ 71.69243713 162.17586448 207.12439693]
[250.38109381   3.95266446 215.60314981]
[ 89.85707782 250.06386154 157.19519177]
[ 52.93687571 142.6731362  217.63633686]
[237.14172101  34.57826214 170.52291288]
[ 10.84379132  73.61475967 192.36353977]
[ 13.15077446  35.89024693 110.04656225]
[ 76.69394386  91.64008248 152.50269615]
[125.52363318  88.47301165 254.95195227]
[130.46940792  75.02321116  12.754316  ]
[138.41510006 107.5150259  166.39478509]
[182.04664221 105.11492382  58.78354733]
[ 92.31376738  12.05697431 112.03834756]
[197.6434027   69.75142133  26.93793406]
[116.04353816 165.00355519  77.29572519]
[225.37433369 195.17788343 163.50856836]
[192.55790845  24.97823259  14.58484735]
[117.95934205 110.56572993  30.42417481]
[ 70.6425033  134.72505297 104.38519909]
[ 20.43931585 194.50493998 172.6437534 ]
[115.27565398  17.46191411 145.22292928]
[ 18.91104938 208.3507968  148.87315505]
[ 93.79684545 126.56007631 100.13983726]
[ 74.05192247 225.20644266  21.31362718]
[ 82.53911067 219.3289038  241.51598869]
[65.32807794 51.30398785 92.90526716]
[210.82380048  39.77674869  38.60676488]
[ 95.40535927 124.27487938  72.33663301]
[141.543565   118.66346733 220.44380411]
[154.96762306 237.16340453 175.15509407]
