[[ 93.59023617  32.11387767 108.54546165]
 [ 39.47868984 105.44862877 159.81161444]
 [238.66846479  24.31390367  59.27030412]
 [101.86844302 126.03977066  73.86896509]
 [  5.16424789 209.84635351  30.97172058]
 [183.26158303 125.81074439 178.18184394]
 [ 55.70136678 189.51810354 235.55878212]
 [172.75986239  87.50082999 163.57610859]
 [123.31737052 230.10160697 237.30494195]
 [159.05883402  65.71336551  98.27522265]
 [177.43404691  93.9979262   76.40198284]
 [160.25572716 192.46126358 189.74972766]
 [175.48290303 128.56327332 132.49948563]
 [226.86225549  99.01528587  69.27499143]
 [227.71168512  38.80413488 244.45811327]
 [190.56657378 108.49499142 149.00166123]
 [ 90.73598673  42.20022052  32.31576056]
 [184.79663576  73.04613004 215.49925996]
 [142.1613575   82.04444045  76.19331689]
 [176.01880725 178.49365071 234.37988038]
 [ 69.12292863 175.62788735 218.17117915]
 [248.22312886  98.7944332    7.30995837]
 [209.56446743 193.028564   204.69651097]
 [ 18.01050641  24.66828358 240.63219978]
 [ 69.75370455   1.00808385  68.11591286]
 [ 61.56319862 165.8336008  241.17078295]
 [142.61491201   4.2591959  104.30851128]
 [ 65.22936733 231.12869434  66.72698702]
 [193.27868839  62.15364777  79.46791362]
 [156.36358638  29.99718784 244.80159047]
 [122.92697722  26.72968808 146.86710819]
 [204.34469625 251.61253144 249.15081257]
 [102.71618307 214.05125031   2.84443683]
 [117.88517804 126.47711803  80.71637624]
 [ 61.70549037 202.95996984 149.72905051]
 [103.89072781  95.97511504  86.86881232]
 [ 61.03559309  52.18968882   4.77989506]
 [224.54190901   0.3454961  182.50344715]
 [174.578867   138.48681912  25.62791213]
 [ 73.58651011 136.59190859 244.96502994]
 [129.41994041   6.29739432   9.02785318]
 [ 64.85026928  99.36480911  20.71903004]
 [ 69.49495922 245.49103549 236.8284939 ]
 [195.81529704  79.12104318  68.09244016]
 [ 42.04681147  60.85652343 111.19622983]
 [ 50.49488784 186.66938368  50.633375  ]
 [131.68698301  77.65326143  16.48104615]
 [ 23.09083027 204.1262219   53.59319946]
 [ 73.09761454  24.78887817  44.80699968]
 [ 75.20946707 208.52183041 249.66386162]
 [ 47.6799091  247.4519554  187.34057661]
 [216.02147831 190.01414884 161.22878743]
 [138.39330587  12.05302079  36.47062911]
 [142.01260213 126.68656524  82.34500679]
 [ 73.52478158 171.8959184  195.27986617]
 [181.39294009 160.96485111  22.00653135]
 [229.49136997   4.48993774  20.22144065]
 [ 47.72984079 215.49631141 187.86857194]
 [ 78.6982357  164.51520642  93.78152831]
 [ 70.15954659 173.04380783 210.54662519]
 [  1.724207   190.86336064  21.16123763]
 [ 18.96641034  69.58478162  27.95567734]
 [197.18835282  12.59857521 246.82723886]
 [236.49795317  43.96297171 204.42072933]
 [187.99957961 234.73442823  93.10201082]
 [191.89428963 171.92704633 110.63496663]
 [ 19.03381376 109.84269755 121.69083737]
 [ 95.93542696  65.24385278 178.63845501]
 [102.33051409  37.5221678  158.68027118]
 [  9.30437269 175.761563   100.73084283]
 [119.86365336 220.29351102 239.27980008]
 [131.26538387 123.94552423  34.30098737]
 [164.01257717  38.48165557 140.90602372]
 [129.89710587 254.38973744 147.83665542]
 [238.30124629 113.71908757 152.05410243]
 [ 51.82450396  85.57265152  44.83615109]
 [ 24.89642629 228.87232448  39.52479598]
 [ 88.72288736 207.2621316   86.09923778]
 [ 32.69763502 133.44632027  63.06357899]
 [ 98.35651226 197.3161385   75.41446257]]